+24740123
+376312345
+971501234567
+93701234567
+12684641234
+12642351234
+355672123456
+37477123456
+244923123456
+5491123456789
+16847331234
+43664123456
+61412345678
+2975601234
+358412345678
+994401234567
+38761123456
+12462501234
+8801812345678
+32450001234
+22670123456
+35943012345
+97336001234
+25779561234
+2290195123456
+590690001234
+14413701234
+6737123456
+59171234567
+5993181234
+5511961234567
+12423591234
+97517123456
+26771123456
+375294911911
+5016221234
+15062345678
+243991234567
+23670012345
+242061234567
+41781234567
+2250123456789
+68271234
+56221234567
+237671234567
+8613123456789
+573211234567
+50683123456
+5351234567
+2389911234
+59995181234
+35796123456
+420601123456
+4915123456789
+25377831001
+4534412345
+17672251234
+18092345678
+213551234567
+593991234567
+37251234567
+201001234567
+212650123456
+2917123456
+34612345678
+251911234567
+6797012345
+50051234
+6913501234
+298211234
+33612345678
+24106031234
+447400123456
+14734031234
+995555123456
+594694201234
+447781123456
+233231234567
+35057123456
+299221234
+2203012345
+224601123456
+240222123456
+306912345678
+50251234567
+16713001234
+245955012345
+5926091234
+85251234567
+50491234567
+385921234567
+50934101234
+36201234567
+62812345678
+353850123456
+972502345678
+447924123456
+918123456789
+2463801234
+9647912345678
